lastAccountName: Phillap5
timestamps:
  login: 1532686647275
  logout: 1532693777341
ipAddress: 72.211.212.244
geolocation: United States
logoutlocation:
  world: survival
  x: -596.8663422939644
  y: 68.0
  z: -200.97637094201986
  yaw: -293.4817
  pitch: 15.599948
