lastAccountName: Phillap5
timestamps:
  login: 1532686647275
  logout: 1532686643030
ipAddress: 72.211.212.244
geolocation: United States
logoutlocation:
  world: survival
  x: -141.4534456197519
  y: 62.9375
  z: 59.69999998807907
  yaw: -259.63632
  pitch: 51.899784
