lastAccountName: _wjw_
timestamps:
  login: 1532716235029
  logout: 1532716762487
ipAddress: 98.164.255.203
geolocation: United States
logoutlocation:
  world: survival
  x: -118.2372748080676
  y: 51.9375
  z: -155.53561834583004
  yaw: -123.72888
  pitch: -4.252836
