lastAccountName: _wjw_
timestamps:
  login: 1532672801377
  logout: 1532673317625
ipAddress: 98.164.255.203
geolocation: United States
logoutlocation:
  world: survival
  x: -127.357675735616
  y: 106.0
  z: 168.1877649631318
  yaw: 182.04169
  pitch: 49.647255
