lastAccountName: Pandarz86
timestamps:
  login: 1532676606295
  logout: 1532683909721
ipAddress: 69.7.87.31
geolocation: United States
logoutlocation:
  world: survival
  x: -763.6999999880791
  y: 61.0
  z: 10.54222722092115
  yaw: -312.69336
  pitch: 35.22371
