lastAccountName: Pandarz86
timestamps:
  login: 1532676606295
  logout: 1532676520224
ipAddress: 69.7.87.31
geolocation: United States
logoutlocation:
  world: survival
  x: 408.59341174477476
  y: 35.0
  z: -1111.6598353928778
  yaw: -170.0376
  pitch: 57.467644
